              precision    recall  f1-score   support

          10     0.9927    1.0000    0.9963       136
           A     1.0000    1.0000    1.0000       142
           B     1.0000    1.0000    1.0000       111
           D     1.0000    1.0000    1.0000       129
           E     0.9379    0.9927    0.9645       137
           F     1.0000    0.9908    0.9954       109
           G     1.0000    1.0000    1.0000       118
           I     0.9603    0.9098    0.9344       133
           K     1.0000    1.0000    1.0000       114
           L     0.9914    1.0000    0.9957       115
           M     0.9875    0.9875    0.9875        80
           N     0.9429    0.9802    0.9612       101
           O     0.9440    0.9833    0.9633       120
           P     1.0000    1.0000    1.0000       118
           Q     0.9922    1.0000    0.9961       127
           R     1.0000    0.9802    0.9900       101
           S     1.0000    1.0000    1.0000        80
           T     0.9495    1.0000    0.9741        94
           U     1.0000    0.8878    0.9405        98
           V     0.9880    0.9318    0.9591        88
           W     1.0000    1.0000    1.0000        57
           X     1.0000    1.0000    1.0000       118
           Z     0.9919    1.0000    0.9960       123

    accuracy                         0.9851      2549
   macro avg     0.9860    0.9845    0.9850      2549
weighted avg     0.9855    0.9851    0.9850      2549
