              precision    recall  f1-score   support

          10     0.9927    1.0000    0.9963       136
           A     1.0000    1.0000    1.0000       142
           B     1.0000    1.0000    1.0000       111
           D     1.0000    1.0000    1.0000       129
           E     0.9927    0.9927    0.9927       137
           F     1.0000    1.0000    1.0000       109
           G     1.0000    1.0000    1.0000       118
           I     0.9706    0.9925    0.9814       133
           K     1.0000    1.0000    1.0000       114
           L     1.0000    1.0000    1.0000       115
           M     1.0000    1.0000    1.0000        80
           N     1.0000    1.0000    1.0000       101
           O     0.9915    0.9667    0.9789       120
           P     1.0000    1.0000    1.0000       118
           Q     1.0000    1.0000    1.0000       127
           R     1.0000    0.9901    0.9950       101
           S     1.0000    1.0000    1.0000        80
           T     1.0000    1.0000    1.0000        94
           U     0.9898    0.9898    0.9898        98
           V     1.0000    1.0000    1.0000        88
           W     1.0000    1.0000    1.0000        57
           X     1.0000    1.0000    1.0000       118
           Z     1.0000    1.0000    1.0000       123

    accuracy                         0.9969      2549
   macro avg     0.9973    0.9970    0.9971      2549
weighted avg     0.9969    0.9969    0.9969      2549
