              precision    recall  f1-score   support

           0     0.9797    0.9667    0.9732       150
           1     0.8788    0.9667    0.9206       150
          10     1.0000    1.0000    1.0000       150
           2     0.8514    0.8400    0.8456       150
           3     0.8859    0.8800    0.8829       150
           4     0.8621    0.8333    0.8475       150
           5     0.8759    0.8467    0.8610       150
           6     0.9730    0.9600    0.9664       150
           7     0.8581    0.8867    0.8721       150
           8     0.9034    0.8733    0.8881       150
           9     0.9536    0.9600    0.9568       150
           A     1.0000    1.0000    1.0000       150
           B     1.0000    1.0000    1.0000       150
           C     0.9404    0.9467    0.9435       150
           D     1.0000    0.9867    0.9933       150
           E     0.9932    0.9800    0.9866       150
           F     0.9868    1.0000    0.9934       150
           G     0.9868    1.0000    0.9934       150
           I     0.9934    1.0000    0.9967       150
           K     1.0000    1.0000    1.0000       150
           L     0.9934    1.0000    0.9967       150
           M     1.0000    1.0000    1.0000       150
           N     0.9933    0.9933    0.9933       150
           O     0.9677    1.0000    0.9836       150
           P     1.0000    0.9867    0.9933       150
           Q     0.9933    0.9867    0.9900       150
           R     0.9863    0.9600    0.9730       150
           S     1.0000    1.0000    1.0000       150
           T     0.9865    0.9733    0.9799       150
           U     0.9800    0.9800    0.9800       150
           V     0.9671    0.9800    0.9735       150
           W     0.9740    1.0000    0.9868       150
           X     1.0000    0.9800    0.9899       150
           Z     0.9933    0.9867    0.9900       150

    accuracy                         0.9633      5100
   macro avg     0.9635    0.9633    0.9633      5100
weighted avg     0.9635    0.9633    0.9633      5100
