              precision    recall  f1-score   support

           0     1.0000    1.0000    1.0000       125
           1     1.0000    1.0000    1.0000       147
           2     1.0000    1.0000    1.0000       148
           3     1.0000    0.9932    0.9966       148
           4     0.9801    1.0000    0.9900       148
           5     1.0000    0.9932    0.9966       148
           6     1.0000    1.0000    1.0000       148
           7     1.0000    1.0000    1.0000       148
           8     1.0000    1.0000    1.0000       148
           9     1.0000    0.9932    0.9966       147
           C     1.0000    1.0000    1.0000       140

    accuracy                         0.9981      1595
   macro avg     0.9982    0.9982    0.9982      1595
weighted avg     0.9982    0.9981    0.9981      1595
