              precision    recall  f1-score   support

          10     0.9927    1.0000    0.9963       136
           A     1.0000    1.0000    1.0000       142
           B     1.0000    1.0000    1.0000       111
           D     1.0000    1.0000    1.0000       129
           E     1.0000    0.9927    0.9963       137
           F     1.0000    1.0000    1.0000       109
           G     1.0000    1.0000    1.0000       118
           I     0.9851    0.9925    0.9888       133
           K     1.0000    1.0000    1.0000       114
           L     0.9914    1.0000    0.9957       115
           M     1.0000    0.9875    0.9937        80
           N     0.9901    0.9901    0.9901       101
           O     0.9915    0.9750    0.9832       120
           P     1.0000    1.0000    1.0000       118
           Q     1.0000    1.0000    1.0000       127
           R     1.0000    0.9802    0.9900       101
           S     1.0000    1.0000    1.0000        80
           T     1.0000    1.0000    1.0000        94
           U     0.9800    1.0000    0.9899        98
           V     1.0000    1.0000    1.0000        88
           W     1.0000    1.0000    1.0000        57
           X     1.0000    1.0000    1.0000       118
           Z     0.9919    1.0000    0.9960       123

    accuracy                         0.9965      2549
   macro avg     0.9966    0.9964    0.9965      2549
weighted avg     0.9965    0.9965    0.9965      2549
