              precision    recall  f1-score   support

          10     0.9927    1.0000    0.9963       136
           A     1.0000    1.0000    1.0000       142
           B     1.0000    1.0000    1.0000       111
           D     1.0000    1.0000    1.0000       129
           E     1.0000    1.0000    1.0000       137
           F     1.0000    1.0000    1.0000       109
           G     1.0000    0.9915    0.9957       118
           I     0.9852    1.0000    0.9925       133
           K     1.0000    1.0000    1.0000       114
           L     1.0000    1.0000    1.0000       115
           M     1.0000    1.0000    1.0000        80
           N     1.0000    1.0000    1.0000       101
           O     1.0000    0.9833    0.9916       120
           P     1.0000    1.0000    1.0000       118
           Q     1.0000    1.0000    1.0000       127
           R     1.0000    0.9901    0.9950       101
           S     0.9877    1.0000    0.9938        80
           T     1.0000    1.0000    1.0000        94
           U     1.0000    1.0000    1.0000        98
           V     1.0000    1.0000    1.0000        88
           W     1.0000    1.0000    1.0000        57
           X     1.0000    1.0000    1.0000       118
           Z     1.0000    1.0000    1.0000       123

    accuracy                         0.9984      2549
   macro avg     0.9985    0.9985    0.9985      2549
weighted avg     0.9985    0.9984    0.9984      2549
