              precision    recall  f1-score   support

          10     1.0000    1.0000    1.0000       136
           A     1.0000    1.0000    1.0000       142
           B     1.0000    1.0000    1.0000       111
           D     1.0000    1.0000    1.0000       129
           E     0.9856    1.0000    0.9928       137
           F     1.0000    1.0000    1.0000       109
           G     1.0000    1.0000    1.0000       118
           I     1.0000    0.9925    0.9962       133
           K     1.0000    1.0000    1.0000       114
           L     0.9914    1.0000    0.9957       115
           M     1.0000    1.0000    1.0000        80
           N     1.0000    0.9901    0.9950       101
           O     0.9917    0.9917    0.9917       120
           P     1.0000    1.0000    1.0000       118
           Q     1.0000    1.0000    1.0000       127
           R     1.0000    1.0000    1.0000       101
           S     1.0000    1.0000    1.0000        80
           T     1.0000    1.0000    1.0000        94
           U     0.9897    0.9796    0.9846        98
           V     1.0000    1.0000    1.0000        88
           W     1.0000    1.0000    1.0000        57
           X     1.0000    1.0000    1.0000       118
           Z     1.0000    1.0000    1.0000       123

    accuracy                         0.9980      2549
   macro avg     0.9982    0.9980    0.9981      2549
weighted avg     0.9980    0.9980    0.9980      2549
